t     1
 1 1 1
t     2
 1 1 1
t     3
 1 1 1
t     4
 1 1 1
t     5
 1 1 1
t     6
 1 1 1
t     7
 1 1 1
t     8
 1 1 1
t     9
 1 1 1
t    10
 1 1 1
t    11
 1 1 1
t    12
 1 1 1
t    13
 1 1 1
t    14
 1 1 1
t    15
 1 1 1
t    16
 1 1 1
t    17
 1 1 1
t    18
 1 1 1
t    19
 1 1 1
t    20
 1 1 1
t    21
 1 1 1
t    22
 1 1 1
t    23
 1 1 1
t    24
 1 1 1
t    25
 1 1 1
t    26
 1 1 1
t    27
 1 1 1
t    28
 1 1 1
t    29
 1 1 1
t    30
 1 1 1
t    31
 1 1 1
t    32
 1 1 1
t    33
 1 1 1
t    34
 1 1 1
t    35
 1 1 1
t    36
 1 1 1
t    37
 1 1 1
t    38
 1 1 1
t    39
 1 1 1
t    40
 1 1 1
t    41
 1 1 1
t    42
 1 1 1
t    43
 1 1 1
t    44
 1 1 1
t    45
 1 1 1
t    46
 1 1 1
t    47
 1 1 1
t    48
 1 1 1
t    49
 1 1 1
t    50
 1 1 1
t    51
 1 1 1
t    52
 1 1 1
t    53
 1 1 1
t    54
 1 1 1
t    55
 1 1 1
t    56
 1 1 1
t    57
 1 1 1
t    58
 1 1 1
t    59
 1 1 1
t    60
 1 1 1
t    61
 1 1 1
t    62
 1 1 1
t    63
 1 1 1
t    64
 1 1 1
t    65
 1 1 1
t    66
 1 1 1
t    67
 1 1 1
t    68
 1 1 1
t    69
 1 1 1
t    70
 1 1 1
t    71
 1 1 1
t    72
 1 1 1
t    73
 1 1 1
t    74
 1 1 1
t    75
 1 1 1
t    76
 1 1 1
t    77
 1 1 1
t    78
 1 1 1
t    79
 1 1 1
t    80
 1 1 1
t    81
 1 1 1
t    82
 1 1 1
t    83
 1 1 1
t    84
 1 1 1
t    85
 1 1 1
t    86
 1 1 1
t    87
 1 1 1
t    88
 1 1 1
t    89
 1 1 1
t    90
 1 1 1
t    91
 1 1 1
t    92
 1 1 1
t    93
 1 1 1
t    94
 1 1 1
t    95
 1 1 1
t    96
 1 1 1
t    97
 1 1 1
t    98
 1 1 1
t    99
 1 1 1
t   100
 1 1 1
t   101
 1 1 1
t   102
 1 1 1
t   103
 1 1 1
t   104
 1 1 1
t   105
 1 1 1
t   106
 1 1 1
t   107
 1 1 1
t   108
 1 1 1
t   109
 1 1 1
t   110
 1 1 1
t   111
 1 1 1
t   112
 1 1 1
t   113
 1 1 1
t   114
 1 1 1
t   115
 1 1 1
t   116
 1 1 1
t   117
 1 1 1
t   118
 1 1 1
t   119
 1 1 1
t   120
 1 1 1
t   121
 1 1 1
t   122
 1 1 1
t   123
 1 1 1
t   124
 1 1 1
t   125
 1 1 1
t   126
 1 1 1
t   127
 1 1 1
t   128
 1 1 1
t   129
 1 1 1
t   130
 1 1 1
t   131
 1 1 1
t   132
 1 1 1
t   133
 1 1 1
t   134
 1 1 1
t   135
 1 1 1
t   136
 1 1 1
t   137
 1 1 1
t   138
 1 1 1
t   139
 1 1 1
t   140
 1 1 1
t   141
 1 1 1
t   142
 1 1 1
t   143
 1 1 1
t   144
 1 1 1
t   145
 1 1 1
t   146
 1 1 1
t   147
 1 1 1
t   148
 1 1 1
t   149
 1 1 1
t   150
 1 1 1
t   151
 1 1 1
t   152
 1 1 1
t   153
 1 1 1
t   154
 1 1 1
t   155
 1 1 1
t   156
 1 1 1
t   157
 1 1 1
t   158
 1 1 1
t   159
 1 1 1
t   160
 1 1 1
t   161
 1 1 1
t   162
 1 1 1
t   163
 1 1 1
t   164
 1 1 1
t   165
 1 1 1
t   166
 1 1 1
t   167
 1 1 1
t   168
 1 1 1
t   169
 1 1 1
t   170
 1 1 1
t   171
 1 1 1
t   172
 1 1 1
t   173
 1 1 1
t   174
 1 1 1
t   175
 1 1 1
t   176
 1 1 1
t   177
 1 1 1
t   178
 1 1 1
t   179
 1 1 1
t   180
 1 1 1
t   181
 1 1 1
t   182
 1 1 1
t   183
 1 1 1
t   184
 1 1 1
t   185
 1 1 1
t   186
 1 1 1
t   187
 1 1 1
t   188
 1 1 1
t   189
 1 1 1
t   190
 1 1 1
t   191
 1 1 1
t   192
 1 1 1
t   193
 1 1 1
t   194
 1 1 1
t   195
 1 1 1
t   196
 1 1 1
t   197
 1 1 1
t   198
 1 1 1
t   199
 1 1 1
t   200
 1 1 1
t   201
 1 1 1
t   202
 1 1 1
t   203
 1 1 1
t   204
 1 1 1
t   205
 1 1 1
t   206
 1 1 1
t   207
 1 1 1
t   208
 1 1 1
t   209
 1 1 1
t   210
 1 1 1
t   211
 1 1 1
t   212
 1 1 1
t   213
 1 1 1
t   214
 1 1 1
t   215
 1 1 1
t   216
 1 1 1
t   217
 1 1 1
t   218
 1 1 1
t   219
 1 1 1
t   220
 1 1 1
t   221
 1 1 1
t   222
 1 1 1
t   223
 1 1 1
t   224
 1 1 1
t   225
 1 1 1
t   226
 1 1 1
t   227
 1 1 1
t   228
 1 1 1
t   229
 1 1 1
t   230
 1 1 1
t   231
 1 1 1
t   232
 1 1 1
t   233
 1 1 1
t   234
 1 1 1
t   235
 1 1 1
t   236
 1 1 1
t   237
 1 1 1
t   238
 1 1 1
t   239
 1 1 1
t   240
 1 1 1
t   241
 1 1 1
t   242
 1 1 1
t   243
 1 1 1
t   244
 1 1 1
t   245
 1 1 1
t   246
 1 1 1
t   247
 1 1 1
t   248
 1 1 1
t   249
 1 1 1
t   250
 1 1 1
t   251
 1 1 1
t   252
 1 1 1
t   253
 1 1 1
t   254
 1 1 1
t   255
 1 1 1
t   256
 1 1 1
t   257
 1 1 1
t   258
 1 1 1
t   259
 1 1 1
t   260
 1 1 1
t   261
 1 1 1
t   262
 1 1 1
t   263
 1 1 1
t   264
 1 1 1
t   265
 1 1 1
t   266
 1 1 1
t   267
 1 1 1
t   268
 1 1 1
t   269
 1 1 1
t   270
 1 1 1
t   271
 1 1 1
t   272
 1 1 1
t   273
 1 1 1
t   274
 1 1 1
t   275
 1 1 1
t   276
 1 1 1
t   277
 1 1 1
t   278
 1 1 1
t   279
 1 1 1
t   280
 1 1 1
t   281
 1 1 1
t   282
 1 1 1
t   283
 1 1 1
t   284
 1 1 1
t   285
 1 1 1
t   286
 1 1 1
t   287
 1 1 1
t   288
 1 1 1
t   289
 1 1 1
t   290
 1 1 1
t   291
 1 1 1
t   292
 1 1 1
t   293
 1 1 1
t   294
 1 1 1
t   295
 1 1 1
t   296
 1 1 1
t   297
 1 1 1
t   298
 1 1 1
t   299
 1 1 1
t   300
 1 1 1
t   301
 1 1 1
t   302
 1 1 1
t   303
 1 1 1
t   304
 1 1 1
t   305
 1 1 1
t   306
 1 1 1
t   307
 1 1 1
t   308
 1 1 1
t   309
 1 1 1
t   310
 1 1 1
t   311
 1 1 1
t   312
 1 1 1
t   313
 1 1 1
t   314
 1 1 1
t   315
 1 1 1
t   316
 1 1 1
t   317
 1 1 1
t   318
 1 1 1
t   319
 1 1 1
t   320
 1 1 1
t   321
 1 1 1
t   322
 1 1 1
t   323
 1 1 1
t   324
 1 1 1
t   325
 1 1 1
t   326
 1 1 1
t   327
 1 1 1
t   328
 1 1 1
t   329
 1 1 1
t   330
 1 1 1
t   331
 1 1 1
t   332
 1 1 1
t   333
 1 1 1
t   334
 1 1 1
t   335
 1 1 1
t   336
 1 1 1
t   337
 1 1 1
t   338
 1 1 1
t   339
 1 1 1
t   340
 1 1 1
t   341
 1 1 1
t   342
 1 1 1
t   343
 1 1 1
t   344
 1 1 1
t   345
 1 1 1
t   346
 1 1 1
t   347
 1 1 1
t   348
 1 1 1
t   349
 1 1 1
t   350
 1 1 1
t   351
 1 1 1
t   352
 1 1 1
t   353
 1 1 1
t   354
 1 1 1
t   355
 1 1 1
t   356
 1 1 1
t   357
 1 1 1
t   358
 1 1 1
t   359
 1 1 1
t   360
 1 1 1
t   361
 1 1 1
t   362
 1 1 1
t   363
 1 1 1
t   364
 1 1 1
t   365
 1 1 1
t   366
 1 1 1
t   367
 1 1 1
t   368
 1 1 1
t   369
 1 1 1
t   370
 1 1 1
t   371
 1 1 1
t   372
 1 1 1
t   373
 1 1 1
t   374
 1 1 1
t   375
 1 1 1
t   376
 1 1 1
t   377
 1 1 1
t   378
 1 1 1
t   379
 1 1 1
t   380
 1 1 1
t   381
 1 1 1
t   382
 1 1 1
t   383
 1 1 1
t   384
 1 1 1
t   385
 1 1 1
t   386
 1 1 1
t   387
 1 1 1
t   388
 1 1 1
t   389
 1 1 1
t   390
 1 1 1
t   391
 1 1 1
t   392
 1 1 1
t   393
 1 1 1
t   394
 1 1 1
t   395
 1 1 1
t   396
 1 1 1
t   397
 1 1 1
t   398
 1 1 1
t   399
 1 1 1
t   400
 1 1 1
t   401
 1 1 1
t   402
 1 1 1
t   403
 1 1 1
t   404
 1 1 1
t   405
 1 1 1
t   406
 1 1 1
t   407
 1 1 1
t   408
 1 1 1
t   409
 1 1 1
t   410
 1 1 1
t   411
 1 1 1
t   412
 1 1 1
t   413
 1 1 1
t   414
 1 1 1
t   415
 1 1 1
t   416
 1 1 1
t   417
 1 1 1
t   418
 1 1 1
t   419
 1 1 1
t   420
 1 1 1
t   421
 1 1 1
t   422
 1 1 1
t   423
 1 1 1
t   424
 1 1 1
t   425
 1 1 1
t   426
 1 1 1
t   427
 1 1 1
t   428
 1 1 1
t   429
 1 1 1
t   430
 1 1 1
t   431
 1 1 1
t   432
 1 1 1
t   433
 1 1 1
t   434
 1 1 1
t   435
 1 1 1
t   436
 1 1 1
t   437
 1 1 1
t   438
 1 1 1
t   439
 1 1 1
t   440
 1 1 1
t   441
 1 1 1
t   442
 1 1 1
t   443
 1 1 1
t   444
 1 1 1
t   445
 1 1 1
t   446
 1 1 1
t   447
 1 1 1
t   448
 1 1 1
t   449
 1 1 1
t   450
 1 1 1
t   451
 1 1 1
t   452
 1 1 1
t   453
 1 1 1
t   454
 1 1 1
t   455
 1 1 1
t   456
 1 1 1
t   457
 1 1 1
t   458
 1 1 1
t   459
 1 1 1
t   460
 1 1 1
t   461
 1 1 1
t   462
 1 1 1
t   463
 1 1 1
t   464
 1 1 1
t   465
 1 1 1
t   466
 1 1 1
t   467
 1 1 1
t   468
 1 1 1
t   469
 1 1 1
t   470
 1 1 1
t   471
 1 1 1
t   472
 1 1 1
t   473
 1 1 1
t   474
 1 1 1
t   475
 1 1 1
t   476
 1 1 1
t   477
 1 1 1
t   478
 1 1 1
t   479
 1 1 1
t   480
 1 1 1
t   481
 1 1 1
t   482
 1 1 1
t   483
 1 1 1
t   484
 1 1 1
t   485
 1 1 1
t   486
 1 1 1
t   487
 1 1 1
t   488
 1 1 1
t   489
 1 1 1
t   490
 1 1 1
t   491
 1 1 1
t   492
 1 1 1
t   493
 1 1 1
t   494
 1 1 1
t   495
 1 1 1
t   496
 1 1 1
t   497
 1 1 1
t   498
 1 1 1
t   499
 1 1 1
t   500
 1 1 1
t   501
 1 1 1
t   502
 1 1 1
t   503
 1 1 1
t   504
 1 1 1
t   505
 1 1 1
t   506
 1 1 1
t   507
 1 1 1
t   508
 1 1 1
t   509
 1 1 1
t   510
 1 1 1
t   511
 1 1 1
t   512
 1 1 1
t   513
 1 1 1
t   514
 1 1 1
t   515
 1 1 1
t   516
 1 1 1
t   517
 1 1 1
t   518
 1 1 1
t   519
 1 1 1
t   520
 1 1 1
t   521
 1 1 1
t   522
 1 1 1
t   523
 1 1 1
t   524
 1 1 1
t   525
 1 1 1
t   526
 1 1 1
t   527
 1 1 1
t   528
 1 1 1
t   529
 1 1 1
t   530
 1 1 1
t   531
 1 1 1
t   532
 1 1 1
t   533
 1 1 1
t   534
 1 1 1
t   535
 1 1 1
t   536
 1 1 1
t   537
 1 1 1
t   538
 1 1 1
t   539
 1 1 1
t   540
 1 1 1
t   541
 1 1 1
t   542
 1 1 1
t   543
 1 1 1
t   544
 1 1 1
t   545
 1 1 1
t   546
 1 1 1
t   547
 1 1 1
t   548
 1 1 1
t   549
 1 1 1
t   550
 1 1 1
t   551
 1 1 1
t   552
 1 1 1
t   553
 1 1 1
t   554
 1 1 1
t   555
 1 1 1
t   556
 1 1 1
t   557
 1 1 1
t   558
 1 1 1
t   559
 1 1 1
t   560
 1 1 1
t   561
 1 1 1
t   562
 1 1 1
t   563
 1 1 1
t   564
 1 1 1
t   565
 1 1 1
t   566
 1 1 1
t   567
 1 1 1
t   568
 1 1 1
t   569
 1 1 1
t   570
 1 1 1
t   571
 1 1 1
t   572
 1 1 1
t   573
 1 1 1
t   574
 1 1 1
t   575
 1 1 1
t   576
 1 1 1
t   577
 1 1 1
t   578
 1 1 1
t   579
 1 1 1
t   580
 1 1 1
t   581
 1 1 1
t   582
 1 1 1
t   583
 1 1 1
t   584
 1 1 1
t   585
 1 1 1
t   586
 1 1 1
t   587
 1 1 1
t   588
 1 1 1
t   589
 1 1 1
t   590
 1 1 1
t   591
 1 1 1
t   592
 1 1 1
t   593
 1 1 1
t   594
 1 1 1
t   595
 1 1 1
t   596
 1 1 1
t   597
 1 1 1
t   598
 1 1 1
t   599
 1 1 1
t   600
 1 1 1
t   601
 1 1 1
t   602
 1 1 1
t   603
 1 1 1
t   604
 1 1 1
t   605
 1 1 1
t   606
 1 1 1
t   607
 1 1 1
t   608
 1 1 1
t   609
 1 1 1
t   610
 1 1 1
t   611
 1 1 1
t   612
 1 1 1
t   613
 1 1 1
t   614
 1 1 1
t   615
 1 1 1
t   616
 1 1 1
t   617
 1 1 1
t   618
 1 1 1
t   619
 1 1 1
t   620
 1 1 1
t   621
 1 1 1
t   622
 1 1 1
t   623
 1 1 1
t   624
 1 1 1
t   625
 1 1 1
t   626
 1 1 1
t   627
 1 1 1
t   628
 1 1 1
t   629
 1 1 1
t   630
 1 1 1
t   631
 1 1 1
t   632
 1 1 1
t   633
 1 1 1
t   634
 1 1 1
t   635
 1 1 1
t   636
 1 1 1
t   637
 1 1 1
t   638
 1 1 1
t   639
 1 1 1
t   640
 1 1 1
t   641
 1 1 1
t   642
 1 1 1
t   643
 1 1 1
t   644
 1 1 1
t   645
 1 1 1
t   646
 1 1 1
t   647
 1 1 1
t   648
 1 1 1
t   649
 1 1 1
t   650
 1 1 1
t   651
 1 1 1
t   652
 1 1 1
t   653
 1 1 1
t   654
 1 1 1
t   655
 1 1 1
t   656
 1 1 1
t   657
 1 1 1
t   658
 1 1 1
t   659
 1 1 1
t   660
 1 1 1
t   661
 1 1 1
t   662
 1 1 1
t   663
 1 1 1
t   664
 1 1 1
t   665
 1 1 1
t   666
 1 1 1
t   667
 1 1 1
t   668
 1 1 1
t   669
 1 1 1
t   670
 1 1 1
t   671
 1 1 1
t   672
 1 1 1
t   673
 1 1 1
t   674
 1 1 1
t   675
 1 1 1
t   676
 1 1 1
t   677
 1 1 1
t   678
 1 1 1
t   679
 1 1 1
t   680
 1 1 1
t   681
 1 1 1
t   682
 1 1 1
t   683
 1 1 1
t   684
 1 1 1
t   685
 1 1 1
t   686
 1 1 1
t   687
 1 1 1
t   688
 1 1 1
t   689
 1 1 1
t   690
 1 1 1
t   691
 1 1 1
t   692
 1 1 1
t   693
 1 1 1
t   694
 1 1 1
t   695
 1 1 1
t   696
 1 1 1
t   697
 1 1 1
t   698
 1 1 1
t   699
 1 1 1
t   700
 1 1 1
t   701
 1 1 1
t   702
 1 1 1
t   703
 1 1 1
t   704
 1 1 1
t   705
 1 1 1
t   706
 1 1 1
t   707
 1 1 1
t   708
 1 1 1
t   709
 1 1 1
t   710
 1 1 1
t   711
 1 1 1
t   712
 1 1 1
t   713
 1 1 1
t   714
 1 1 1
t   715
 1 1 1
t   716
 1 1 1
t   717
 1 1 1
t   718
 1 1 1
t   719
 1 1 1
t   720
 1 1 1
t   721
 1 1 1
t   722
 1 1 1
t   723
 1 1 1
t   724
 1 1 1
t   725
 1 1 1
t   726
 1 1 1
t   727
 1 1 1
t   728
 1 1 1
t   729
 1 1 1
t   730
 1 1 1
t   731
 1 1 1
t   732
 1 1 1
t   733
 1 1 1
t   734
 1 1 1
t   735
 1 1 1
t   736
 1 1 1
t   737
 1 1 1
t   738
 1 1 1
t   739
 1 1 1
t   740
 1 1 1
t   741
 1 1 1
t   742
 1 1 1
t   743
 1 1 1
t   744
 1 1 1
t   745
 1 1 1
t   746
 1 1 1
t   747
 1 1 1
t   748
 1 1 1
t   749
 1 1 1
t   750
 1 1 1
t   751
 1 1 1
t   752
 1 1 1
t   753
 1 1 1
t   754
 1 1 1
t   755
 1 1 1
t   756
 1 1 1
t   757
 1 1 1
t   758
 1 1 1
t   759
 1 1 1
t   760
 1 1 1
t   761
 1 1 1
t   762
 1 1 1
t   763
 1 1 1
t   764
 1 1 1
t   765
 1 1 1
t   766
 1 1 1
t   767
 1 1 1
t   768
 1 1 1
t   769
 1 1 1
t   770
 1 1 1
t   771
 1 1 1
t   772
 1 1 1
t   773
 1 1 1
t   774
 1 1 1
t   775
 1 1 1
t   776
 1 1 1
t   777
 1 1 1
t   778
 1 1 1
t   779
 1 1 1
t   780
 1 1 1
t   781
 1 1 1
t   782
 1 1 1
t   783
 1 1 1
t   784
 1 1 1
t   785
 1 1 1
t   786
 1 1 1
t   787
 1 1 1
t   788
 1 1 1
t   789
 1 1 1
t   790
 1 1 1
t   791
 1 1 1
t   792
 1 1 1
t   793
 1 1 1
t   794
 1 1 1
t   795
 1 1 1
t   796
 1 1 1
t   797
 1 1 1
t   798
 1 1 1
t   799
 1 1 1
t   800
 1 1 1
t   801
 1 1 1
t   802
 1 1 1
t   803
 1 1 1
t   804
 1 1 1
t   805
 1 1 1
t   806
 1 1 1
t   807
 1 1 1
t   808
 1 1 1
t   809
 1 1 1
t   810
 1 1 1
t   811
 1 1 1
t   812
 1 1 1
t   813
 1 1 1
t   814
 1 1 1
t   815
 1 1 1
t   816
 1 1 1
t   817
 1 1 1
t   818
 1 1 1
t   819
 1 1 1
t   820
 1 1 1
t   821
 1 1 1
t   822
 1 1 1
t   823
 1 1 1
t   824
 1 1 1
t   825
 1 1 1
t   826
 1 1 1
t   827
 1 1 1
t   828
 1 1 1
t   829
 1 1 1
t   830
 1 1 1
t   831
 1 1 1
t   832
 1 1 1
t   833
 1 1 1
t   834
 1 1 1
t   835
 1 1 1
t   836
 1 1 1
t   837
 1 1 1
t   838
 1 1 1
t   839
 1 1 1
t   840
 1 1 1
t   841
 1 1 1
t   842
 1 1 1
t   843
 1 1 1
t   844
 1 1 1
t   845
 1 1 1
t   846
 1 1 1
t   847
 1 1 1
t   848
 1 1 1
t   849
 1 1 1
t   850
 1 1 1
t   851
 1 1 1
t   852
 1 1 1
t   853
 1 1 1
t   854
 1 1 1
t   855
 1 1 1
t   856
 1 1 1
t   857
 1 1 1
t   858
 1 1 1
t   859
 1 1 1
t   860
 1 1 1
t   861
 1 1 1
t   862
 1 1 1
t   863
 1 1 1
t   864
 1 1 1
t   865
 1 1 1
t   866
 1 1 1
t   867
 1 1 1
t   868
 1 1 1
t   869
 1 1 1
t   870
 1 1 1
t   871
 1 1 1
t   872
 1 1 1
t   873
 1 1 1
t   874
 1 1 1
t   875
 1 1 1
t   876
 1 1 1
t   877
 1 1 1
t   878
 0.99999 0.99999 0.99999
t   879
 0.99999 0.99999 0.99999
t   880
 0.99999 0.99999 0.99999
t   881
 0.99999 0.99999 0.99999
t   882
 0.99999 0.99999 0.99999
t   883
 0.99999 0.99999 0.99999
t   884
 0.99999 0.99999 0.99999
t   885
 0.99999 0.99999 0.99999
t   886
 0.99999 0.99999 0.99999
t   887
 0.99999 0.99999 0.99999
t   888
 0.99999 0.99999 0.99999
t   889
 0.99999 0.99999 0.99999
t   890
 0.99999 0.99999 0.99999
t   891
 0.99999 0.99999 0.99999
t   892
 0.99999 0.99999 0.99999
t   893
 0.99999 0.99999 0.99999
t   894
 0.99999 0.99999 0.99999
t   895
 0.99999 0.99999 0.99999
t   896
 0.99999 0.99999 0.99999
t   897
 0.99999 0.99999 0.99999
t   898
 0.99999 0.99999 0.99999
t   899
 0.99999 0.99999 0.99999
t   900
 0.99999 0.99999 0.99999
t   901
 0.99999 0.99999 0.99999
t   902
 0.99999 0.99999 0.99999
t   903
 0.99999 0.99999 0.99999
t   904
 0.99999 0.99999 0.99999
t   905
 0.99999 0.99999 0.99999
t   906
 0.99999 0.99999 0.99999
t   907
 0.99999 0.99999 0.99999
t   908
 0.99999 0.99999 0.99999
t   909
 0.99999 0.99999 0.99999
t   910
 0.99999 0.99999 0.99999
t   911
 0.99999 0.99999 0.99999
t   912
 0.99999 0.99999 0.99999
t   913
 0.99999 0.99999 0.99999
t   914
 0.99999 0.99999 0.99999
t   915
 0.99999 0.99999 0.99999
t   916
 0.99999 0.99999 0.99999
t   917
 0.99999 0.99999 0.99999
t   918
 0.99999 0.99999 0.99999
t   919
 0.99999 0.99999 0.99999
t   920
 0.99999 0.99999 0.99999
t   921
 0.99999 0.99999 0.99999
t   922
 0.99999 0.99999 0.99999
t   923
 0.99999 0.99999 0.99999
t   924
 0.99999 0.99999 0.99999
t   925
 0.99999 0.99999 0.99999
t   926
 0.99999 0.99999 0.99999
t   927
 0.99999 0.99999 0.99999
t   928
 0.99999 0.99999 0.99999
t   929
 0.99999 0.99999 0.99999
t   930
 0.99999 0.99999 0.99999
t   931
 0.99999 0.99999 0.99999
t   932
 0.99999 0.99999 0.99999
t   933
 0.99999 0.99999 0.99999
t   934
 0.99999 0.99999 0.99999
t   935
 0.99999 0.99999 0.99999
t   936
 0.99999 0.99999 0.99999
t   937
 0.99999 0.99999 0.99999
t   938
 0.99999 0.99999 0.99999
t   939
 0.99999 0.99999 0.99999
t   940
 0.99999 0.99999 0.99999
t   941
 0.99999 0.99999 0.99999
t   942
 0.99999 0.99999 0.99999
t   943
 0.99999 0.99999 0.99999
t   944
 0.99999 0.99999 0.99999
t   945
 0.99999 0.99999 0.99999
t   946
 0.99999 0.99999 0.99999
t   947
 0.99999 0.99999 0.99999
t   948
 0.99999 0.99999 0.99999
t   949
 0.99999 0.99999 0.99999
t   950
 0.99999 0.99999 0.99999
t   951
 0.99999 0.99999 0.99999
t   952
 0.99999 0.99999 0.99999
t   953
 0.99999 0.99999 0.99999
t   954
 0.99999 0.99999 0.99999
t   955
 0.99999 0.99999 0.99999
t   956
 0.99999 0.99999 0.99999
t   957
 0.99999 0.99999 0.99999
t   958
 0.99999 0.99999 0.99999
t   959
 0.99999 0.99999 0.99999
t   960
 0.99999 0.99999 0.99999
t   961
 0.99999 0.99999 0.99999
t   962
 0.99999 0.99999 0.99999
t   963
 0.99999 0.99999 0.99999
t   964
 0.99999 0.99999 0.99999
t   965
 0.99999 0.99999 0.99999
t   966
 0.99999 0.99999 0.99999
t   967
 0.99999 0.99999 0.99999
t   968
 0.99999 0.99999 0.99999
t   969
 0.99999 0.99999 0.99999
t   970
 0.99999 0.99999 0.99999
t   971
 0.99999 0.99999 0.99999
t   972
 0.99999 0.99999 0.99999
t   973
 0.99999 0.99999 0.99999
t   974
 0.99999 0.99999 0.99999
t   975
 0.99999 0.99999 0.99999
t   976
 0.99999 0.99999 0.99999
t   977
 0.99999 0.99999 0.99999
t   978
 0.99999 0.99999 0.99999
t   979
 0.99999 0.99999 0.99999
t   980
 0.99999 0.99999 0.99999
t   981
 0.99999 0.99999 0.99999
t   982
 0.99999 0.99999 0.99999
t   983
 0.99999 0.99999 0.99999
t   984
 0.99999 0.99999 0.99999
t   985
 0.99999 0.99999 0.99999
t   986
 0.99999 0.99999 0.99999
t   987
 0.99999 0.99999 0.99999
t   988
 0.99999 0.99999 0.99999
t   989
 0.99999 0.99999 0.99999
t   990
 0.99999 0.99999 0.99999
t   991
 0.99999 0.99999 0.99999
t   992
 0.99999 0.99999 0.99999
t   993
 0.99999 0.99999 0.99999
t   994
 0.99999 0.99999 0.99999
t   995
 0.99999 0.99999 0.99999
t   996
 0.99999 0.99999 0.99999
t   997
 0.99999 0.99999 0.99999
t   998
 0.99999 0.99999 0.99999
t   999
 0.99999 0.99999 0.99999
t  1000
 0.99999 0.99999 0.99999
t  1001
 0.99999 0.99999 0.99999
t  1002
 628.04 520.49 600.23
t  1003
 655.62 652.59 418.34
t  1004
 629.92 574.52 619.75
t  1005
 646.77 656.98 607.57
t  1006
 646.43 633.57 614.93
t  1007
 652.9 638.23 609.12
t  1008
 652.79 651.86 650.07
t  1009
 638.77 401.48 653.01
t  1010
 638.79 617.94 437.92
t  1011
 655.87 652.16 649.97
t  1012
 655.95 648.65 657.27
t  1013
 648.8 656.08 649.73
t  1014
 620.04 648.06 650.85
t  1015
 622.5 653.96 261.71
t  1016
 653.23 640.14 657.61
t  1017
 653.31 657.66 652.83
t  1018
 652.02 657.51 645.82
t  1019
 621.55 647.92 609.45
t  1020
 626.01 648 651.37
t  1021
 631.59 651.38 648.52
t  1022
 635.97 648.8 619.38
t  1023
 574.15 649.81 9.8174
t  1024
 566.69 642.34 629.35
t  1025
 605.56 650.92 627.37
t  1026
 608.71 644.36 339.54
t  1027
 603.73 384.65 642.31
t  1028
 590.22 637.14 616.83
t  1029
 240.33 653.1 5.939
t  1030
 261.21 261.46 254.34
t  1031
 317.16 327.29 280.77
t  1032
 315.09 302.01 253.03
t  1033
 310.88 489.65 281.5
t  1034
 259.16 261.27 213.86
t  1035
 296.89 280.57 287.21
t  1036
 229.86 300.82 235.34
t  1037
 302.35 412.19 301.17
t  1038
 234.12 236.77 222.23
t  1039
 258.02 245.12 263.38
t  1040
 281.46 237.77 229.57
t  1041
 171.26 229.58 237.69
t  1042
 326.15 286.2 285.53
t  1043
 309.78 259.16 260.38
t  1044
 211.44 18.425 147.64
t  1045
 278.03 87.469 311.97
t  1046
 257.23 375.87 126.27
t  1047
 197.85 86.94 34.659
t  1048
 35.978 14.632 111.18
t  1049
 305.16 168.03 77.077
t  1050
 16.888 142.44 59.391
t  1051
 195.18 652.88 9.193
t  1052
 177.57 4.5204 655
t  1053
 373.04 311.9 315.45
t  1054
 84.079 30.758 21.523
t  1055
 20.766 53.344 102.88
t  1056
 254.88 12.89 653.11
t  1057
 352.91 211.76 153.95
t  1058
 102.55 18.699 126.99
t  1059
 103.44 122.16 218.12
t  1060
 20.383 28.536 98.665
t  1061
 25.503 56.26 25.242
t  1062
 24.379 20.948 32.73
t  1063
 84.804 25.133 21.86
t  1064
 23.302 25.349 25.394
t  1065
 651.84 648.2 585.02
t  1066
 26.288 27.91 34.541
t  1067
 33.241 28.909 15.614
t  1068
 23.125 21.406 28.321
t  1069
 651.28 656.95 646.21
t  1070
 24.028 28.446 26.912
t  1071
 640.43 3.4343 368.01
t  1072
 24.994 24.323 29.248
t  1073
 25.085 24.13 24.286
t  1074
 70.954 95.526 12.908
t  1075
 20.511 492.92 3.6565
t  1076
 10.817 12.49 200.45
t  1077
 93.312 13.097 86.609
t  1078
 567.87 585.92 646.46
t  1079
 576.6 261.47 595.32
t  1080
 644.91 651.29 606.25
t  1081
 645.29 644.4 651.31
t  1082
 563.45 4.7122 513.38
t  1083
 560.86 569.32 650.35
t  1084
 654.4 657.11 650.86
t  1085
 82.713 6.5686 105.15
t  1086
 19.885 27.5 14.494
t  1087
 655.02 651.96 622.37
t  1088
 196.34 6.6708 393.81
t  1089
 162.87 89.809 71.503
t  1090
 191.57 86.494 86.754
t  1091
 14.611 158.97 617.54
t  1092
 130.71 147.36 27.503
t  1093
 105.86 552.19 121.87
t  1094
 198.37 19.173 251.21
t  1095
 75.009 35.522 614.17
t  1096
 289.94 15.238 167.53
t  1097
 207.77 212.33 248.12
t  1098
 360.41 62.936 607.38
t  1099
 367.5 7.4074 160.4
t  1100
 1.05 1.05 1.05
t  1101
 1.05 1.05 1.05
t  1102
 1.05 1.05 1.05
t  1103
 1.05 1.05 1.05
t  1104
 1.05 1.05 1.05
t  1105
 1.05 1.05 1.05
t  1106
 1.05 1.05 1.05
t  1107
 1.05 1.05 1.05
t  1108
 1.05 1.05 1.05
t  1109
 1.05 1.05 1.05
t  1110
 1.05 1.05 1.05
t  1111
 1.05 1.05 1.05
t  1112
 1.05 1.05 1.05
t  1113
 1.05 1.05 1.05
t  1114
 1.05 1.05 1.05
t  1115
 1.05 1.05 1.05
t  1116
 1.05 1.05 1.05
t  1117
 1.05 1.05 1.05
t  1118
 1.05 1.05 1.05
t  1119
 1.05 1.05 1.05
t  1120
 1.05 1.05 1.05
t  1121
 1.05 1.05 1.05
t  1122
 1.05 1.05 1.05
t  1123
 1.05 1.05 1.05
t  1124
 1.05 1.05 1.05
t  1125
 1.05 1.05 1.05
t  1126
 1.05 1.05 1.05
t  1127
 1.05 1.05 1.05
t  1128
 1.05 1.05 1.05
t  1129
 1.05 1.05 1.05
t  1130
 1.05 1.05 1.05
t  1131
 1.05 1.05 1.05
t  1132
 1.05 1.05 1.05
t  1133
 1.05 1.05 1.05
t  1134
 1.05 1.05 1.05
t  1135
 1.05 1.05 1.05
t  1136
 1.05 1.05 1.05
t  1137
 1.05 1.05 1.05
t  1138
 1.05 1.05 1.05
t  1139
 1.05 1.05 1.05
t  1140
 1.05 1.05 1.05
t  1141
 1.05 1.05 1.05
t  1142
 1.05 1.05 1.05
t  1143
 1.05 1.05 1.05
t  1144
 1.05 1.05 1.05
t  1145
 1.05 1.05 1.05
t  1146
 1.05 1.05 1.05
t  1147
 1.05 1.05 1.05
t  1148
 1.05 1.05 1.05
t  1149
 1.05 1.05 1.05
t  1150
 1.05 1.05 1.05
t  1151
 1.05 1.05 1.05
t  1152
 1.05 1.05 1.05
t  1153
 1.05 1.05 1.05
t  1154
 1.05 1.05 1.05
t  1155
 1.05 1.05 1.05
t  1156
 1.05 1.05 1.05
t  1157
 1.05 1.05 1.05
t  1158
 1.05 1.05 1.05
t  1159
 1.05 1.05 1.05
t  1160
 1.05 1.05 1.05
t  1161
 1.05 1.05 1.05
t  1162
 1.05 1.05 1.05
t  1163
 1.05 1.05 1.05
t  1164
 1.05 1.05 1.05
t  1165
 1.05 1.05 1.05
t  1166
 1.05 1.05 1.05
t  1167
 1.05 1.05 1.05
t  1168
 1.05 1.05 1.05
t  1169
 1.05 1.05 1.05
t  1170
 1.05 1.05 1.05
t  1171
 1.05 1.05 1.05
t  1172
 1.05 1.05 1.05
t  1173
 1.05 1.05 1.05
t  1174
 1.05 1.05 1.05
t  1175
 1.05 1.05 1.05
t  1176
 1.05 1.05 1.05
t  1177
 1.05 1.05 1.05
t  1178
 1.05 1.05 1.05
t  1179
 1.05 1.05 1.05
t  1180
 1.05 1.05 1.05
t  1181
 1.05 1.05 1.05
t  1182
 1.05 1.05 1.05
t  1183
 1.05 1.05 1.05
t  1184
 1.05 1.05 1.05
t  1185
 1.05 1.05 1.05
t  1186
 1.05 1.05 1.05
t  1187
 1.05 1.05 1.05
t  1188
 1.05 1.05 1.05
t  1189
 1.05 1.05 1.05
t  1190
 1.05 1.05 1.05
t  1191
 1.05 1.05 1.05
t  1192
 1.05 1.05 1.05
t  1193
 1.05 1.05 1.05
t  1194
 1.05 1.05 1.05
t  1195
 1.05 1.05 1.05
t  1196
 1.05 1.05 1.05
t  1197
 1.05 1.05 1.05
t  1198
 1.05 1.05 1.05
t  1199
 1.05 1.05 1.05
t  1200
 1.05 1.05 1.05
t  1201
 1.05 1.05 1.05
t  1202
 1.05 1.05 1.05
t  1203
 1.05 1.05 1.05
t  1204
 1.05 1.05 1.05
t  1205
 1.05 1.05 1.05
t  1206
 1.05 1.05 1.05
t  1207
 1.05 1.05 1.05
t  1208
 1.05 1.05 1.05
t  1209
 1.05 1.05 1.05
t  1210
 1.05 1.05 1.05
t  1211
 1.05 1.05 1.05
t  1212
 1.05 1.05 1.05
t  1213
 1.05 1.05 1.05
t  1214
 1.05 1.05 1.05
t  1215
 1.05 1.05 1.05
t  1216
 1.05 1.05 1.05
t  1217
 1.05 1.05 1.05
t  1218
 1.05 1.05 1.05
t  1219
 1.05 1.05 1.05
t  1220
 1.05 1.05 1.05
t  1221
 1.05 1.05 1.05
t  1222
 1.05 1.05 1.05
t  1223
 1.05 1.05 1.05
t  1224
 1.05 1.05 1.05
t  1225
 1.05 1.05 1.05
t  1226
 1.05 1.05 1.05
t  1227
 1.05 1.05 1.05
t  1228
 1.05 1.05 1.05
t  1229
 1.05 1.05 1.05
t  1230
 1.05 1.05 1.05
t  1231
 1.05 1.05 1.05
t  1232
 1.05 1.05 1.05
t  1233
 1.05 1.05 1.05
t  1234
 1.05 1.05 1.05
t  1235
 1.05 1.05 1.05
t  1236
 1.05 1.05 1.05
t  1237
 1.05 1.05 1.05
t  1238
 1.05 1.05 1.05
t  1239
 1.05 1.05 1.05
t  1240
 1.05 1.05 1.05
t  1241
 1.05 1.05 1.05
t  1242
 1.05 1.05 1.05
t  1243
 1.05 1.05 1.05
t  1244
 1.05 1.05 1.05
t  1245
 1.05 1.05 1.05
t  1246
 1.05 1.05 1.05
t  1247
 1.05 1.05 1.05
t  1248
 1.05 1.05 1.05
t  1249
 1.05 1.05 1.05
t  1250
 1.05 1.05 1.05
t  1251
 1.05 1.05 1.05
t  1252
 1.05 1.05 1.05
t  1253
 1.05 1.05 1.05
t  1254
 1.05 1.05 1.05
t  1255
 1.05 1.05 1.05
t  1256
 1.05 1.05 1.05
t  1257
 1.05 1.05 1.05
t  1258
 1.05 1.05 1.05
t  1259
 1.05 1.05 1.05
t  1260
 1.05 1.05 1.05
t  1261
 1.05 1.05 1.05
t  1262
 1.05 1.05 1.05
t  1263
 1.05 1.05 1.05
t  1264
 1.05 1.05 1.05
t  1265
 1.05 1.05 1.05
t  1266
 1.05 1.05 1.05
t  1267
 1.05 1.05 1.05
t  1268
 1.05 1.05 1.05
t  1269
 1.05 1.05 1.05
t  1270
 1.05 1.05 1.05
t  1271
 1.05 1.05 1.05
t  1272
 1.05 1.05 1.05
t  1273
 1.05 1.05 1.05
t  1274
 1.05 1.05 1.05
t  1275
 1.05 1.05 1.05
t  1276
 1.05 1.05 1.05
t  1277
 1.05 1.05 1.05
t  1278
 1.05 1.05 1.05
t  1279
 1.05 1.05 1.05
t  1280
 1.05 1.05 1.05
t  1281
 1.05 1.05 1.05
t  1282
 1.05 1.05 1.05
t  1283
 1.05 1.05 1.05
t  1284
 1.05 1.05 1.05
t  1285
 1.05 1.05 1.05
t  1286
 1.05 1.05 1.05
t  1287
 1.05 1.05 1.05
t  1288
 1.05 1.05 1.05
t  1289
 1.05 1.05 1.05
t  1290
 1.05 1.05 1.05
t  1291
 1.05 1.05 1.05
t  1292
 1.05 1.05 1.05
t  1293
 1.05 1.05 1.05
t  1294
 1.05 1.05 1.05
t  1295
 1.05 1.05 1.05
t  1296
 1.05 1.05 1.05
t  1297
 1.05 1.05 1.05
t  1298
 1.05 1.05 1.05
t  1299
 1.05 1.05 1.05
t  1300
 1.05 1.05 1.05
t  1301
 1.05 1.05 1.05
t  1302
 1.05 1.05 1.05
t  1303
 1.05 1.05 1.05
t  1304
 1.05 1.05 1.05
t  1305
 1.05 1.05 1.05
t  1306
 1.05 1.05 1.05
t  1307
 1.05 1.05 1.05
t  1308
 1.05 1.05 1.05
t  1309
 1.05 1.05 1.05
t  1310
 1.05 1.05 1.05
t  1311
 1.05 1.05 1.05
t  1312
 1.05 1.05 1.05
t  1313
 1.05 1.05 1.05
t  1314
 1.05 1.05 1.05
t  1315
 1.05 1.05 1.05
t  1316
 1.05 1.05 1.05
t  1317
 1.05 1.05 1.05
t  1318
 1.05 1.05 1.05
t  1319
 1.05 1.05 1.05
t  1320
 1.05 1.05 1.05
t  1321
 1.05 1.05 1.05
t  1322
 1.05 1.05 1.05
t  1323
 1.05 1.05 1.05
t  1324
 11.05 1637.2 6.5507
t  1325
 10.186 12.385 9.8461
t  1326
 1946.7 1135.6 1019.7
t  1327
 243.33 1466.3 6.994
t  1328
 13.992 50.827 10.506
t  1329
 16.742 10.713 56.477
t  1330
 1050.3 771.33 1917.7
t  1331
 240.44 1996.8 1466.3
t  1332
 9.5481 10.339 10.712
t  1333
 16.542 9.5298 10.712
t  1334
 13.997 10.506 10.421
t  1335
 34.324 55.263 9.3897
t  1336
 12.903 7.9692 17.841
t  1337
 37.349 520.85 35.035
t  1338
 10.928 10.792 16.712
t  1339
 9.5414 10.838 11.538
t  1340
 137.68 55.785 33.701
t  1341
 11.83 12.449 6.9264
t  1342
 1934.4 1090.2 1994
t  1343
 1157.8 1996.8 189.83
t  1344
 9.7227 12.086 10.292
t  1345
 9.4199 10.502 10.508
t  1346
 9.5787 10.817 17.794
t  1347
 19.512 12.23 8.2929
t  1348
 10.879 15.068 9.7284
t  1349
 335.93 73.394 141.67
t  1350
 138.03 441.15 32.555
t  1351
 83.016 12.58 17.845
t  1352
 109.79 15.413 10.664
t  1353
 109.45 274.85 15.131
t  1354
 11.472 11.936 11.895
t  1355
 11.412 11.893 9.7291
t  1356
 1934.6 1951.4 1980
t  1357
 1992.7 1982.1 1952.3
t  1358
 66.408 176.6 178.33
t  1359
 65.414 173.79 22.777
t  1360
 9.5201 10.534 10.427
t  1361
 9.521 10.42 10.755
t  1362
 10.946 10.831 9.1944
t  1363
 13.323 10.843 10.946
t  1364
 1769.2 1103.2 1939.9
t  1365
 1996.6 1943.1 1990.6
t  1366
 1995.3 1996.9 1276.7
t  1367
 115.73 861.2 506.39
t  1368
 9.5821 9.8006 10.824
t  1369
 55.073 12.052 19.464
t  1370
 109.81 29.121 9.7886
t  1371
 112 1076.4 27.746
t  1372
 12.219 18.496 8.733
t  1373
 9.7311 9.338 26.139
t  1374
 145.47 12.277 11.83
t  1375
 28.198 4.1922 1988.2
t  1376
 165.87 21.374 111.39
t  1377
 155.78 315.65 1459.5
t  1378
 131.87 1069.2 1246.5
t  1379
 1486.2 1971.4 1965.3
t  1380
 1925.4 1771.6 1800
t  1381
 1498.3 1961.7 573.29
t  1382
 126.96 1270.2 191.25
t  1383
 541.76 342.17 115.89
t  1384
 18.173 36.197 13.567
t  1385
 14.399 10.238 73.709
t  1386
 13.484 22.906 26.675
t  1387
 59.512 10.506 17.319
t  1388
 20.965 10.062 62.474
t  1389
 59.484 246.13 9.9492
t  1390
 48.443 5.4142 297.21
t  1391
 20.954 68.119 129.6
t  1392
 189.96 303.91 7.3832
t  1393
 157.87 56.799 103.74
t  1394
 1908.8 1064.4 15.767
t  1395
 1900.1 11.861 1983.4
t  1396
 155.97 12.37 1117.6
t  1397
 18.341 13.41 9.6838
t  1398
 13.571 8.7303 23.417
t  1399
 1961.9 1948.5 1955.8
t  1400
 217.8 422.83 644.87
t  1401
 226.63 606.69 88.185
t  1402
 1928.4 1776.8 1930.1
t  1403
 910.21 1751.6 1361.6
t  1404
 38.147 14.956 78.494
t  1405
 10.241 131.81 17.122
t  1406
 1979.8 1964.1 1955.8
t  1407
 870.59 1458.1 316.63
t  1408
 1996.7 1477.2 1976.8
t  1409
 1996 1991 1568.8
t  1410
 1996.6 1925.5 1943.5
t  1411
 1995.8 1957.1 1986.8
t  1412
 8.7701 17.057 159.74
t  1413
 10.869 213.08 3.6973
t  1414
 26.331 3.0088 287.68
t  1415
 7.3065 7.5853 38.559
end
